[gd_scene format=3 uid="uid://dw7kw81c6sdlw"]

[ext_resource type="PackedScene" uid="uid://cax2bqhqxtqxk" path="res://scenes/player.tscn" id="1_player"]
[ext_resource type="Texture2D" uid="uid://bbhsx4i4vvhj4" path="res://models/Concrete wall smooth pillar texture.jpg" id="2_hbghi"]
[ext_resource type="PackedScene" uid="uid://cgrvyndvmd6f8" path="res://models/old_wooden_table.glb" id="4_ihfcg"]
[ext_resource type="PackedScene" uid="uid://bllctlle87im5" path="res://models/table_wood_canteen_the_chair.glb" id="4_rka8t"]
[ext_resource type="Texture2D" uid="uid://bt8sd1eytl5eb" path="res://models/wood1.jpg" id="5_rka8t"]
[ext_resource type="PackedScene" uid="uid://dwbvmn66jxxfy" path="res://scenes/bulb.tscn" id="7_j7kpp"]
[ext_resource type="PackedScene" path="res://scenes/npc.tscn" id="8_npc"]
[ext_resource type="Script" uid="uid://cdvuq4fp0ptpc" path="res://scenes/switch.gd" id="9_switchscript"]
[ext_resource type="PackedScene" uid="uid://dqql1j1aphgpo" path="res://scenes/curtain.tscn" id="11_1pe0h"]
[ext_resource type="PackedScene" uid="uid://tvset123" path="res://scenes/tv_set.tscn" id="11_ggavl"]
[ext_resource type="PackedScene" uid="uid://d3yq1vx6n5c3g" path="res://scenes/wall_fan.tscn" id="11_newfan"]
[ext_resource type="Script" path="res://scenes/door.gd" id="12_doorscript"]
[ext_resource type="PackedScene" uid="uid://bt84rddsr5cb0" path="res://scenes/filipino_bed.tscn" id="13_filipinobed"]
[ext_resource type="PackedScene" uid="uid://dj8kw81c6sdlw" path="res://scenes/jumpscare.tscn" id="14_jsscene"]
[ext_resource type="Texture2D" uid="uid://dt7v7k0w8o5y" path="res://models/wood.jpg" id="15_3o2xh"]
[ext_resource type="Script" path="res://scenes/fake_jumpscare_trigger.gd" id="15_fakejstrigger"]
[ext_resource type="PackedScene" path="res://scenes/fake_person.tscn" id="16_fakeperson"]
[ext_resource type="PackedScene" uid="uid://bvnwje8h27y1v" path="res://scenes/bamboo_chair.tscn" id="18_00ld1"]
[ext_resource type="PackedScene" path="res://scenes/jalousie_window.tscn" id="18_gjkv5"]
[ext_resource type="PackedScene" uid="uid://k8pfcshtk014" path="res://scenes/bamboo_bench.tscn" id="19_00ld1"]
[ext_resource type="PackedScene" uid="uid://pr8u5v1ossgy" path="res://scenes/bamboo_table.tscn" id="20_3qmij"]
[ext_resource type="PackedScene" path="res://scenes/father.tscn" id="father_scene"]
[ext_resource type="PackedScene" uid="uid://parador123" path="res://scenes/aparador.tscn" id="21_kb5eu"]
[ext_resource type="PackedScene" uid="uid://dju1ptyv0d0wp" path="res://scenes/clothesline.tscn" id="22_lfy8a"]
[ext_resource type="PackedScene" uid="uid://6546vxfr4hy7" path="res://models/monobloc_-_plastic_garden_chair.glb" id="23_ethxx"]
[ext_resource type="PackedScene" uid="uid://dudvrlbf0xntb" path="res://models/low_poly_roof_tile_game_ready.glb" id="25_duihb"]
[ext_resource type="PackedScene" uid="uid://cuaahjjhcwcgi" path="res://scenes/refrigerator.tscn" id="26_b6mmh"]
[ext_resource type="PackedScene" uid="uid://ceb7i1msvwnrk" path="res://scenes/dish_cabinet.tscn" id="78_dish"]

[sub_resource type="ProceduralSkyMaterial" id="ProceduralSkyMaterial_x"]

[sub_resource type="Sky" id="Sky_y"]
sky_material = SubResource("ProceduralSkyMaterial_x")

[sub_resource type="Environment" id="Environment_z"]
background_mode = 2
sky = SubResource("Sky_y")
tonemap_mode = 2
glow_enabled = true

[sub_resource type="ShaderMaterial" id="ShaderMaterial_hn12h"]

[sub_resource type="StandardMaterial3D" id="StandardMaterial3D_hbghi"]
albedo_texture = ExtResource("2_hbghi")

[sub_resource type="StandardMaterial3D" id="StandardMaterial3D_j7kpp"]
albedo_texture = ExtResource("2_hbghi")

[sub_resource type="StandardMaterial3D" id="StandardMaterial3D_cellphone"]
albedo_color = Color(0.1, 0.1, 0.1, 1)
metallic = 0.8
roughness = 0.2

[sub_resource type="BoxShape3D" id="BoxShape3D_chair"]

[sub_resource type="StandardMaterial3D" id="StandardMaterial3D_5hph3"]
albedo_texture = ExtResource("5_rka8t")

[sub_resource type="BoxMesh" id="BoxMesh_j7kpp"]

[sub_resource type="BoxShape3D" id="BoxShape3D_bjebc"]

[sub_resource type="Animation" id="Animation_close"]
resource_name = "door_close"
tracks/0/type = "value"
tracks/0/imported = false
tracks/0/enabled = true
tracks/0/path = NodePath(".:rotation")
tracks/0/interp = 2
tracks/0/loop_wrap = true
tracks/0/keys = {
"times": PackedFloat32Array(0, 1),
"transitions": PackedFloat32Array(1, 1),
"update": 0,
"values": [Vector3(0, 1.5708, 0), Vector3(0, 0, 0)]
}

[sub_resource type="Animation" id="Animation_open"]
resource_name = "door_open"
tracks/0/type = "value"
tracks/0/imported = false
tracks/0/enabled = true
tracks/0/path = NodePath(".:rotation")
tracks/0/interp = 2
tracks/0/loop_wrap = true
tracks/0/keys = {
"times": PackedFloat32Array(0, 1),
"transitions": PackedFloat32Array(1, 1),
"update": 0,
"values": [Vector3(0, 0, 0), Vector3(0, 1.5708, 0)]
}

[sub_resource type="AnimationLibrary" id="AnimationLibrary_door"]
_data = {
&"door_close": SubResource("Animation_close"),
&"door_open": SubResource("Animation_open")
}

[sub_resource type="StandardMaterial3D" id="StandardMaterial3D_bjebc"]
albedo_texture = ExtResource("2_hbghi")

[sub_resource type="BoxShape3D" id="BoxShape3D_newtable"]
size = Vector3(80, 80, 80)

[sub_resource type="ORMMaterial3D" id="ORMMaterial3D_j7kpp"]

[sub_resource type="StandardMaterial3D" id="StandardMaterial3D_duihb"]
albedo_texture = ExtResource("15_3o2xh")

[sub_resource type="BoxShape3D" id="BoxShape3D_fakejstrigger"]
size = Vector3(10, 4, 2)

[sub_resource type="BoxShape3D" id="BoxShape3D_monobloc"]
size = Vector3(0.45, 0.85, 0.45)

[sub_resource type="StandardMaterial3D" id="StandardMaterial3D_b6mmh"]
albedo_texture = ExtResource("5_rka8t")

[sub_resource type="StandardMaterial3D" id="StandardMaterial3D_ttn6t"]
albedo_texture = ExtResource("15_3o2xh")

[node name="Level1" type="Node3D" unique_id=1694093653]
transform = Transform3D(1, 0, 0, 0, 1, 0, 0, 0, 1, 0, 0.5512103, 0)

[node name="WorldEnvironment" type="WorldEnvironment" parent="." unique_id=735558146]
environment = SubResource("Environment_z")

[node name="DirectionalLight3D" type="DirectionalLight3D" parent="." unique_id=53272429]
transform = Transform3D(0.866025, -0.433013, 0.25, 0.5, 0.75, -0.433013, 0, 0.5, 0.866025, 0, 10, 0)
shadow_enabled = true

[node name="CSGBox3D" type="CSGBox3D" parent="." unique_id=654180443]
transform = Transform3D(0.96005905, 0, 0, 0, 0.96005905, 0, 0, 0, 0.96005905, -0.35561728, -0.15624362, 0.053392887)
use_collision = true
size = Vector3(100, 0.1, 100)
material = SubResource("ShaderMaterial_hn12h")

[node name="Player" parent="." unique_id=222895145 instance=ExtResource("1_player")]
transform = Transform3D(-0.19815357, 0.12535949, -0.9721216, 3.46075e-09, 0.99178755, 0.1278955, 0.9801708, 0.025342941, -0.19652611, -4.406127, 0.100000024, -7.070671)

[node name="House" type="Node3D" parent="." unique_id=1241009710]

[node name="wall" type="CSGBox3D" parent="House" unique_id=1880967537]
transform = Transform3D(0.323028, -0.000786272, 0.01102398, 7.278898e-05, 3.417804, 0.042709447, -0.00035612413, -0.014584316, 10.008266, 0, 1.3999383, -1.7666129)
use_collision = true
size = Vector3(1, 1, 1.3530273)
material = SubResource("StandardMaterial3D_hbghi")

[node name="wall2" type="CSGBox3D" parent="House" unique_id=1094582138]
transform = Transform3D(-0.0024355422, 0, -10.008078, 0, 3.4178355, 0, 0.323019, 0, -0.07546026, -9.760442, 1.3999383, -8.601309)
use_collision = true
size = Vector3(1, 1, 1.0189819)
material = SubResource("StandardMaterial3D_hbghi")

[node name="wall5" type="CSGBox3D" parent="House" unique_id=285412820]
transform = Transform3D(-0.0024355422, 0, -10.008078, 0, 3.4178355, 0, 0.323019, 0, -0.07546026, -1.193358, 1.3999383, -8.513856)
use_collision = true
size = Vector3(1, 1, 0.2187233)
material = SubResource("StandardMaterial3D_hbghi")

[node name="wall17" type="CSGBox3D" parent="House" unique_id=1948467061]
transform = Transform3D(-0.0024355422, 0, -10.008078, 0, 3.4178355, 0, 0.323019, 0, -0.07546026, -3.4708881, 0.46287072, -8.516419)
use_collision = true
size = Vector3(1, 0.45166016, 0.24084306)
material = SubResource("StandardMaterial3D_hbghi")

[node name="wall18" type="CSGBox3D" parent="House" unique_id=1660026962]
transform = Transform3D(-0.0024355422, 0, -10.008078, 0, 3.4178355, 0, 0.323019, 0, -0.07546026, -3.4885776, 2.82648, -8.508348)
use_collision = true
size = Vector3(1, 0.15075684, 0.24437809)
material = SubResource("StandardMaterial3D_hbghi")

[node name="wall6" type="CSGBox3D" parent="House" unique_id=1665017143]
transform = Transform3D(-0.0024355422, 0, -10.008078, 0, 3.4178355, 0, 0.323019, 0, -0.07546026, -11.611072, 1.3999383, -3.6581457)
use_collision = true
size = Vector3(1, 1, 0.63682556)
material = SubResource("StandardMaterial3D_hbghi")

[node name="wall12" type="CSGBox3D" parent="House" unique_id=551273639]
transform = Transform3D(-0.0024355422, 0, -10.008078, 0, 3.4178355, 0, 0.323019, 0, -0.07546026, -16.540987, 1.3999383, -8.55194)
use_collision = true
size = Vector3(1, 1, 0.3635521)
material = SubResource("StandardMaterial3D_hbghi")

[node name="wall9" type="CSGBox3D" parent="House" unique_id=108572124]
transform = Transform3D(-0.0012081623, -0.03708303, -10.007704, -0.0025596167, 3.4175277, -0.10829001, 0.32301575, 0.026942195, -0.038289387, -5.618475, 1.3999383, -3.6757894)
material_override = SubResource("StandardMaterial3D_j7kpp")
use_collision = true
size = Vector3(1, 1, 0.2599144)
material = SubResource("StandardMaterial3D_hbghi")

[node name="wall10" type="CSGBox3D" parent="House" unique_id=1888266378]
transform = Transform3D(-0.0024406614, 0, -10.029114, 0, 3.4250195, 0, 0.32369795, 0, -0.07561887, -1.457026, 1.3999383, -3.6766756)
use_collision = true
size = Vector3(1, 1, 0.28339958)
material = SubResource("StandardMaterial3D_hbghi")

[node name="wall15" type="CSGBox3D" parent="House" unique_id=119886735]
transform = Transform3D(-0.0024349084, 0, -6.8938603, 0, 0.8631209, 0, 0.32293496, 0, -0.051979262, -3.6788776, 2.8130493, -3.6777568)
use_collision = true
size = Vector3(1, 0.70202637, 0.24179745)
material = SubResource("StandardMaterial3D_hbghi")

[node name="wall16" type="CSGBox3D" parent="House" unique_id=292073901]
transform = Transform3D(-0.0024349084, 0, -6.8938603, 0, 0.8631209, 0, 0.32293496, 0, -0.051979262, -7.666678, 2.822876, -3.6777568)
use_collision = true
size = Vector3(1, 0.70202637, 0.24179745)
material = SubResource("StandardMaterial3D_hbghi")

[node name="wall3" type="CSGBox3D" parent="House" unique_id=1985580437]
transform = Transform3D(-0.0024343785, 0, -6.087896, 0, 3.4178355, 0, 0.32286465, 0, -0.045902345, -6.7141924, 1.3999383, 5.08926)
use_collision = true
material = SubResource("StandardMaterial3D_hbghi")

[node name="wall19" type="CSGBox3D" parent="House" unique_id=1597869946]
transform = Transform3D(-0.0024343785, 0, -6.087896, 0, 3.4178355, 0, 0.32286465, 0, -0.045902345, -7.713536, 0.43700325, 4.466278)
use_collision = true
size = Vector3(2.9918213, 0.43652344, 0.67089844)
material = SubResource("StandardMaterial3D_hbghi")

[node name="wall13" type="CSGBox3D" parent="House" unique_id=225227627]
transform = Transform3D(-0.0024343785, 0, -6.087896, 0, 3.4178355, 0, 0.32286465, 0, -0.045902345, -16.663742, 1.3999383, 5.0797343)
use_collision = true
size = Vector3(1, 1, 0.58496094)
material = SubResource("StandardMaterial3D_hbghi")

[node name="wall14" type="CSGBox3D" parent="House" unique_id=1896501257]
transform = Transform3D(-0.0024343785, 0, -6.087896, 0, 3.4178355, 0, 0.32286465, 0, -0.045902345, -11.465365, 1.3999383, 5.0797343)
use_collision = true
size = Vector3(1, 1, 0.58496094)
material = SubResource("StandardMaterial3D_hbghi")

[node name="wall4" type="CSGBox3D" parent="House" unique_id=852801067]
transform = Transform3D(-0.0024248457, 0, -3.5803068, 0, 3.4178355, 0, 0.32160032, 0, -0.026995283, -1.0696573, 1.3999383, 5.0845084)
use_collision = true
size = Vector3(1, 1, 0.6479492)
material = SubResource("StandardMaterial3D_hbghi")

[node name="wall11" type="CSGBox3D" parent="House" unique_id=439223489]
transform = Transform3D(0.32302818, 0, 0, 0, 3.4178357, 0, 0, 0, 10.008363, -18.292181, 1.3999383, -1.6920877)
use_collision = true
size = Vector3(1, 1, 1.3381348)
material = SubResource("StandardMaterial3D_hbghi")

[node name="wall7" type="CSGBox3D" parent="House" unique_id=525800498]
transform = Transform3D(0.32302383, 0.012394998, 0.037040666, -0.001159172, 3.4176335, -0.10263899, -0.0012074577, 0.03500516, 10.007768, -6.33571, 1.3999383, -6.144661)
use_collision = true
size = Vector3(1, 1, 0.48303223)
material = SubResource("StandardMaterial3D_hbghi")

[node name="wall8" type="CSGBox3D" parent="House" unique_id=1650067927]
transform = Transform3D(0.32302818, 0, 0, 0, 3.4178357, 0, 0, 0, 10.008363, -14.738453, 1.3999383, -6.144661)
use_collision = true
size = Vector3(1, 1, 0.48303223)
material = SubResource("StandardMaterial3D_hbghi")

[node name="cellphone" type="CSGBox3D" parent="House" unique_id=59239103]
transform = Transform3D(0.6889052, 0, 0, 0, 1, 0, 0, 0, 0.72909707, -8.320989, 1.0918577, 1.4638871)
use_collision = true
size = Vector3(0.3203, 0.0274, 0.567)
material = SubResource("StandardMaterial3D_cellphone")

[node name="Flashlight" type="SpotLight3D" parent="House/cellphone" unique_id=74102948]
transform = Transform3D(1, 0, 0, 0, -4.37114e-08, 1, 0, -1, -4.37114e-08, 0, -0.014, -0.25)
visible = false
light_color = Color(0.9, 0.95, 1, 1)
light_energy = 2.0
shadow_enabled = true
spot_range = 15.0
spot_angle = 35.0

[node name="Chair" parent="House" unique_id=197165597 instance=ExtResource("4_ihfcg")]
transform = Transform3D(1.2134786, 0, 0, 0, 0.7386714, 0, 0, 0, 0.5425126, -8.799819, -0.00446409, -0.0282709)

[node name="StaticBody3D" type="StaticBody3D" parent="House/Chair" unique_id=202020749]

[node name="CollisionShape3D" type="CollisionShape3D" parent="House/Chair/StaticBody3D" unique_id=742056604]
transform = Transform3D(1, 0, 0, 0, 1, 0, 0, 0, 1, 0, 0.5, 0)
shape = SubResource("BoxShape3D_chair")

[node name="Chair2" parent="House" unique_id=210711748 instance=ExtResource("4_ihfcg")]
transform = Transform3D(1.0154277, 0, 0, 0, 0.7386714, 0, 0, 0, 0.5425126, -8.799819, -0.00446409, 2.994331)

[node name="StaticBody3D" type="StaticBody3D" parent="House/Chair2" unique_id=1381850768]

[node name="CollisionShape3D" type="CollisionShape3D" parent="House/Chair2/StaticBody3D" unique_id=1016070061]
transform = Transform3D(1, 0, 0, 0, 1, 0, 0, 0, 1, 0, 0.5, 0)
shape = SubResource("BoxShape3D_chair")

[node name="Door" type="AnimatableBody3D" parent="House" unique_id=818467455]
transform = Transform3D(1, 0, 0, 0, 1, 0, 0, 0, 1, -3.7476, 0, 5.09188)
script = ExtResource("12_doorscript")
jumpscare_scene = ExtResource("14_jsscene")

[node name="MeshInstance3D" type="MeshInstance3D" parent="House/Door" unique_id=161460234]
transform = Transform3D(1.545742, 0, 0, 0, 2.5365372, 0, 0, 0, 0.10706239, 0.77274, 1.2250953, 0)
material_override = SubResource("StandardMaterial3D_5hph3")
mesh = SubResource("BoxMesh_j7kpp")

[node name="CollisionShape3D" type="CollisionShape3D" parent="House/Door" unique_id=1686499992]
transform = Transform3D(1.545742, 0, 0, 0, 2.5365372, 0, 0, 0, 0.10706239, 0.77274, 1.2250953, 0)
shape = SubResource("BoxShape3D_bjebc")

[node name="AnimationPlayer" type="AnimationPlayer" parent="House/Door" unique_id=964781546]
libraries/ = SubResource("AnimationLibrary_door")

[node name="floor" type="CSGBox3D" parent="House" unique_id=1778829122]
transform = Transform3D(1, 0, 0, 0, 0.58991706, 0, 0, 0, 2.3068862, -4.5743685, -0.20949793, -1.7760482)
material_override = SubResource("StandardMaterial3D_bjebc")
size = Vector3(10.019348, 1, 5.8629)

[node name="floor2" type="CSGBox3D" parent="House" unique_id=1095639610]
transform = Transform3D(1, 0, 0, 0, 0.58991706, 0, 0, 0, 2.3068862, -14.07735, -0.20949793, -1.7760482)
material_override = SubResource("StandardMaterial3D_bjebc")
size = Vector3(8.914825, 1, 5.8629)

[node name="Bulb" parent="House" unique_id=2141439841 instance=ExtResource("7_j7kpp")]
transform = Transform3D(-0.007952547, 0, 0, 0, 0.010825726, 0, 0, 0, 0.0147449775, -4.9919534, 2.996131, 0.12302029)

[node name="Bulb2" parent="House" unique_id=562582647 instance=ExtResource("7_j7kpp")]
transform = Transform3D(-0.009847031, 0, 0, 0, 0.010825726, 0, 0, 0, 0.0147449775, -3.1897976, 3.007298, -5.6691456)

[node name="Bulb3" parent="House" unique_id=2039536076 instance=ExtResource("7_j7kpp")]
transform = Transform3D(-0.009847031, 0, 0, 0, 0.010825726, 0, 0, 0, 0.0147449775, -10.63594, 3.007298, -7.098007)

[node name="Table" parent="House" unique_id=1246235101 instance=ExtResource("4_rka8t")]
transform = Transform3D(0.026274772, 0, 0, 0, 0.013083067, 0, 0, 0, 0.018655052, -8.765327, -0.026216269, 1.7425127)

[node name="StaticBody3D" type="StaticBody3D" parent="House/Table" unique_id=1844581200]

[node name="CollisionShape3D" type="CollisionShape3D" parent="House/Table/StaticBody3D" unique_id=1327667314]
transform = Transform3D(1, 0, 0, 0, 1, 0, 0, 0, 1, 0, 40, 0)
shape = SubResource("BoxShape3D_newtable")

[node name="switch" type="CSGBox3D" parent="House" unique_id=820595297]
transform = Transform3D(1.1135815, 0, 0, 0, 0.30429718, 0, 0, 0, 0.8180052, -2.2983212, 1.4178847, -3.7629874)
use_collision = true
size = Vector3(0.1550293, 1, 0.33062744)
script = ExtResource("9_switchscript")
target_bulb_path = NodePath("../Bulb2")

[node name="CSGBox3D" type="CSGBox3D" parent="House/switch" unique_id=1593194461]
transform = Transform3D(0.07858411, 0, 0, 0, 0.15443298, -0.40919748, 0, 0.2336318, 0.2704825, -0.00861907, 0.0024704933, -0.18215322)
size = Vector3(1, 0.35107613, 0.12207031)
material = SubResource("ORMMaterial3D_j7kpp")

[node name="switch3" type="CSGBox3D" parent="House" unique_id=1991126428]
transform = Transform3D(1.1135815, 0, 0, 0, 0.30429718, 0, 0, 0, 0.8180052, -9.000742, 1.4178847, -3.732321)
use_collision = true
size = Vector3(0.1550293, 1, 0.33062744)
script = ExtResource("9_switchscript")
target_bulb_path = NodePath("../Bulb3")

[node name="CSGBox3D" type="CSGBox3D" parent="House/switch3" unique_id=88110078]
transform = Transform3D(0.07858411, 0, 0, 0, 0.15443298, -0.40919748, 0, 0.2336318, 0.2704825, -0.00861907, 0.0024704933, -0.18215322)
size = Vector3(1, 0.35107613, 0.12207031)
material = SubResource("ORMMaterial3D_j7kpp")

[node name="switch2" type="CSGBox3D" parent="House" unique_id=887041664]
transform = Transform3D(-0.017219335, 0, 0.81790733, 0, 0.30429715, 0, -1.1134483, 0, -0.012648866, -0.08543861, 1.4178847, 0.09849954)
use_collision = true
size = Vector3(0.1550293, 1, 0.33062744)
script = ExtResource("9_switchscript")
target_bulb_path = NodePath("../Bulb")

[node name="CSGBox3D" type="CSGBox3D" parent="House/switch2" unique_id=977035934]
transform = Transform3D(0.07858411, 0, 0, 0, 0.15443298, -0.40919748, 0, 0.2336318, 0.2704825, -0.00861907, 0.0024704933, -0.18215322)
size = Vector3(1, 0.35107613, 0.12207031)
material = SubResource("ORMMaterial3D_j7kpp")

[node name="WallFan" parent="House" unique_id=99232842 instance=ExtResource("11_newfan")]
transform = Transform3D(0.0438305, -1.3000503, 0.03160279, -0.02985794, -0.024569454, -1.7280813, 1.4733026, 0.0381784, -0.03596143, -2.174673, 3.6624036, -7.3714833)

[node name="TVSet" parent="House" unique_id=367145430 instance=ExtResource("11_ggavl")]
transform = Transform3D(-0.12807524, 0, 1.0118395, 0, 1.1228893, 0, -1.1556529, 0, -0.11213713, -4.8007526, 0.09321725, 2.8224761)

[node name="Curtain" parent="House" unique_id=855702835 instance=ExtResource("11_1pe0h")]
transform = Transform3D(0.7268971, 0, 0, 0, 1, 0, 0, 0, 1, -3.5650837, 2.3795843, -3.5123227)

[node name="Curtain5" parent="House" unique_id=718298047 instance=ExtResource("11_1pe0h")]
transform = Transform3D(-0.024706457, 0, 0.99122876, 0, 1, 0, -0.8194252, 0, -0.029886506, -10.46408, 2.7482758, -1.6951717)

[node name="Curtain3" parent="House" unique_id=1142530582 instance=ExtResource("11_1pe0h")]
transform = Transform3D(0.52663183, 0, 0, 0, 0.36204973, 0, 0, 0, 1, -4.142227, 2.5844617, -8.3613205)

[node name="Curtain4" parent="House" unique_id=365624488 instance=ExtResource("11_1pe0h")]
transform = Transform3D(0.52663183, 0, 0, 0, 0.36204973, 0, 0, 0, 1, -2.9824996, 2.5844617, -8.3613205)

[node name="Curtain2" parent="House" unique_id=1852992968 instance=ExtResource("11_1pe0h")]
transform = Transform3D(0.7268971, 0, 0, 0, 1, 0, 0, 0, 1, -7.677517, 2.3795843, -3.5123227)

[node name="FilipinoBed" parent="House" unique_id=1583668024 instance=ExtResource("13_filipinobed")]
transform = Transform3D(0.0018257933, 0, -1.2589461, 0, 1.5483625, 0, 1.1753728, 0, 0.0019556137, -1.648838, 0.066814065, -7.4537215)

[node name="JalousieWindow" parent="House" unique_id=1781935824 instance=ExtResource("18_gjkv5")]
transform = Transform3D(1.4421428, 0, 0, 0, 1.3533518, 0, 0, 0, 1, -4.096689, 1.8857273, -8.58758)

[node name="JalousieWindow2" parent="House" unique_id=152555869 instance=ExtResource("18_gjkv5")]
transform = Transform3D(1.6988001, 0, 0, 0, 1.3541552, 0, 0, 0, 1, -2.9460044, 1.8903195, -8.58758)

[node name="Ceiling" type="CSGBox3D" parent="House" unique_id=987654321]
transform = Transform3D(1, 0, 0, 0, 1, 0, 0, 0, 1, -1.7261047, 3.2406178, 5.059273)
use_collision = true
size = Vector3(3.4522095, 0.3022705, 0.28353882)
material = SubResource("StandardMaterial3D_duihb")

[node name="Ceiling9" type="CSGBox3D" parent="House" unique_id=1923381836]
transform = Transform3D(1, 0, 0, 0, 1, 0, 0, 0, 1, -1.7261047, 3.2406178, -3.6414356)
use_collision = true
size = Vector3(3.4522095, 0.3022705, 0.28353882)
material = SubResource("StandardMaterial3D_duihb")

[node name="Ceiling12" type="CSGBox3D" parent="House" unique_id=1347604852]
transform = Transform3D(1, 0, 0, 0, 1, 0, 0, 0, 1, -1.7261047, 3.2406178, -8.546942)
use_collision = true
size = Vector3(3.4522095, 0.3022705, 0.28353882)
material = SubResource("StandardMaterial3D_duihb")

[node name="Ceiling13" type="CSGBox3D" parent="House" unique_id=1520761630]
transform = Transform3D(1, 0, 0, 0, 1, 0, 0, 0, 1, -5.2204056, 3.2406178, -8.546942)
use_collision = true
size = Vector3(3.4522095, 0.3022705, 0.28353882)
material = SubResource("StandardMaterial3D_duihb")

[node name="Ceiling10" type="CSGBox3D" parent="House" unique_id=1492436543]
transform = Transform3D(1, 0, 0, 0, 1, 0, 0, 0, 1, -5.1604557, 3.2406178, -3.6414356)
use_collision = true
size = Vector3(3.4522095, 0.3022705, 0.28353882)
material = SubResource("StandardMaterial3D_duihb")

[node name="Ceiling11" type="CSGBox3D" parent="House" unique_id=1001471968]
transform = Transform3D(1, 0, 0, 0, 1, 0, 0, 0, 1, -8.60379, 3.2406178, -3.6414356)
use_collision = true
size = Vector3(3.4522095, 0.3022705, 0.28353882)
material = SubResource("StandardMaterial3D_duihb")

[node name="Ceiling5" type="CSGBox3D" parent="House" unique_id=1048120574]
transform = Transform3D(-0.0050265267, 0, -0.99998736, 0, 1, 0, 0.99998736, 0, -0.0050265267, -0.0014772415, 3.2406178, 3.3697815)
use_collision = true
size = Vector3(3.4522095, 0.3022705, 0.28353882)
material = SubResource("StandardMaterial3D_duihb")

[node name="Ceiling15" type="CSGBox3D" parent="House" unique_id=231491253]
transform = Transform3D(-0.0050265267, -1.6119259e-12, -0.99998736, -0.12089763, 0.9926649, 0.0006077024, 0.99265236, 0.12089923, -0.0049896566, -0.0014772415, 3.6749244, 3.4357464)
use_collision = true
size = Vector3(3.4522095, 0.3022705, 0.28353882)
material = SubResource("StandardMaterial3D_duihb")

[node name="Ceiling16" type="CSGBox3D" parent="House" unique_id=1105219237]
transform = Transform3D(-0.0050265267, -1.6119259e-12, -0.99998736, -0.12089763, 0.9926649, 0.0006077024, 0.99265236, 0.12089923, -0.0049896566, -0.0014772415, 4.0599318, 0.17474115)
use_collision = true
size = Vector3(3.4522095, 0.3022705, 0.28353882)
material = SubResource("StandardMaterial3D_duihb")

[node name="Ceiling17" type="CSGBox3D" parent="House" unique_id=335232104]
transform = Transform3D(-0.0050265267, -1.6119259e-12, -0.99998736, -0.12089763, 0.9926649, 0.0006077024, 0.99265236, 0.12089923, -0.0049896566, -0.0014772415, 4.4371367, -2.947301)
use_collision = true
size = Vector3(3.4522095, 0.3022705, 0.28353882)
material = SubResource("StandardMaterial3D_duihb")

[node name="Ceiling27" type="CSGBox3D" parent="House" unique_id=1077171002]
transform = Transform3D(-0.0050265267, -1.6119259e-12, -0.99998736, -0.12089763, 0.9926649, 0.0006077024, 0.99265236, 0.12089923, -0.0049896566, -3.0382695, 3.6749244, 3.4357464)
use_collision = true
size = Vector3(3.4522095, 0.3022705, 0.28353882)
material = SubResource("StandardMaterial3D_duihb")

[node name="Ceiling36" type="CSGBox3D" parent="House" unique_id=489732470]
transform = Transform3D(-0.0050265267, -1.6119259e-12, -0.99998736, -0.12089763, 0.9926649, 0.0006077024, 0.99265236, 0.12089923, -0.0049896566, -3.0382695, 4.0599318, 0.17474115)
use_collision = true
size = Vector3(3.4522095, 0.3022705, 0.28353882)
material = SubResource("StandardMaterial3D_duihb")

[node name="Ceiling29" type="CSGBox3D" parent="House" unique_id=1549196635]
transform = Transform3D(-0.0050265267, -1.6119259e-12, -0.99998736, -0.12089763, 0.9926649, 0.0006077024, 0.99265236, 0.12089923, -0.0049896566, -3.0382695, 4.4371367, -2.947301)
use_collision = true
size = Vector3(3.4522095, 0.3022705, 0.28353882)
material = SubResource("StandardMaterial3D_duihb")

[node name="Ceiling28" type="CSGBox3D" parent="House" unique_id=1939515903]
transform = Transform3D(-0.0050265267, -1.6119259e-12, -0.99998736, -0.12089763, 0.9926649, 0.0006077024, 0.99265236, 0.12089923, -0.0049896566, -7.0283723, 3.6749244, 3.4357464)
use_collision = true
size = Vector3(3.4522095, 0.3022705, 0.28353882)
material = SubResource("StandardMaterial3D_duihb")

[node name="Ceiling37" type="CSGBox3D" parent="House" unique_id=167369256]
transform = Transform3D(-0.0050265267, -1.6119259e-12, -0.99998736, -0.12089763, 0.9926649, 0.0006077024, 0.99265236, 0.12089923, -0.0049896566, -7.0283723, 4.0599318, 0.17474115)
use_collision = true
size = Vector3(3.4522095, 0.3022705, 0.28353882)
material = SubResource("StandardMaterial3D_duihb")

[node name="Ceiling38" type="CSGBox3D" parent="House" unique_id=789534358]
transform = Transform3D(-0.0050265267, -1.6119259e-12, -0.99998736, -0.12089763, 0.9926649, 0.0006077024, 0.99265236, 0.12089923, -0.0049896566, -7.0283723, 4.4371367, -2.947301)
use_collision = true
size = Vector3(3.4522095, 0.3022705, 0.28353882)
material = SubResource("StandardMaterial3D_duihb")

[node name="Ceiling39" type="CSGBox3D" parent="House" unique_id=381611432]
transform = Transform3D(-0.0050265267, -1.6119259e-12, -0.99998736, -0.12089763, 0.9926649, 0.0006077024, 0.99265236, 0.12089923, -0.0049896566, -10.716181, 3.6749244, 3.4357464)
use_collision = true
size = Vector3(3.4522095, 0.3022705, 0.28353882)
material = SubResource("StandardMaterial3D_duihb")

[node name="Ceiling40" type="CSGBox3D" parent="House" unique_id=1460898098]
transform = Transform3D(-0.0050265267, -1.6119259e-12, -0.99998736, -0.12089763, 0.9926649, 0.0006077024, 0.99265236, 0.12089923, -0.0049896566, -10.716181, 4.0599318, 0.17474115)
use_collision = true
size = Vector3(3.4522095, 0.3022705, 0.28353882)
material = SubResource("StandardMaterial3D_duihb")

[node name="Ceiling41" type="CSGBox3D" parent="House" unique_id=580867251]
transform = Transform3D(-0.0050265267, -1.6119259e-12, -0.99998736, -0.12089763, 0.9926649, 0.0006077024, 0.99265236, 0.12089923, -0.0049896566, -10.716181, 4.4371367, -2.947301)
use_collision = true
size = Vector3(3.4522095, 0.3022705, 0.28353882)
material = SubResource("StandardMaterial3D_duihb")

[node name="Ceiling20" type="CSGBox3D" parent="House" unique_id=1618058685]
transform = Transform3D(-0.99971247, -0.00061204284, -0.023975957, -0.0006964803, 0.9999937, 0.0035161015, 0.023973659, 0.0035317838, -0.99970627, -5.801648, 4.5786443, -4.505426)
use_collision = true
size = Vector3(11.5646515, 0.3022705, 0.28353882)
material = SubResource("StandardMaterial3D_duihb")

[node name="Ceiling30" type="CSGBox3D" parent="House" unique_id=1056033518]
transform = Transform3D(-0.99971247, -0.00061204284, -0.023975957, -0.0006964803, 0.9999937, 0.0035161015, 0.023973659, 0.0035317838, -0.99970627, -5.801648, 4.324569, -0.9376633)
use_collision = true
size = Vector3(11.5646515, 0.3022705, 0.28353882)
material = SubResource("StandardMaterial3D_duihb")

[node name="Ceiling31" type="CSGBox3D" parent="House" unique_id=306845513]
transform = Transform3D(-0.99971247, -0.00061204284, -0.023975957, -0.0006964803, 0.9999937, 0.0035161015, 0.023973659, 0.0035317838, -0.99970627, -5.743609, 3.8374853, 2.1257627)
use_collision = true
size = Vector3(11.680763, 0.3022705, 0.28353882)
material = SubResource("StandardMaterial3D_duihb")

[node name="Ceiling32" type="CSGBox3D" parent="House" unique_id=1019572082]
transform = Transform3D(-0.99971247, -0.00061204284, -0.023975957, -0.0006964803, 0.9999937, 0.0035161015, 0.023973659, 0.0035317838, -0.99970627, -5.801648, 3.6261773, 4.465061)
use_collision = true
size = Vector3(11.5646515, 0.3022705, 0.28353882)
material = SubResource("StandardMaterial3D_duihb")

[node name="Ceiling21" type="CSGBox3D" parent="House" unique_id=1786844518]
transform = Transform3D(-0.99971247, -0.00061204284, -0.023975957, -0.0006964803, 0.9999937, 0.0035161015, 0.023973659, 0.0035317838, -0.99970627, -5.801648, 4.5786443, -5.1414146)
use_collision = true
size = Vector3(11.5646515, 0.3022705, 0.28353882)
material = SubResource("StandardMaterial3D_duihb")

[node name="Ceiling24" type="CSGBox3D" parent="House" unique_id=1526974750]
transform = Transform3D(-0.99971247, -0.00061204284, -0.023975957, -0.0006964803, 0.9999937, 0.0035161015, 0.023973659, 0.0035317838, -0.99970627, -3.0669174, 4.117426, -6.3223114)
use_collision = true
size = Vector3(6.096241, 0.3022705, 0.17411804)
material = SubResource("StandardMaterial3D_duihb")

[node name="Ceiling25" type="CSGBox3D" parent="House" unique_id=2123355975]
transform = Transform3D(-0.99971247, -0.00061204284, -0.023975957, -0.0006964803, 0.9999937, 0.0035161015, 0.023973659, 0.0035317838, -0.99970627, -3.06643, 3.5780578, -7.412074)
use_collision = true
size = Vector3(6.096241, 0.3022705, 0.13346863)
material = SubResource("StandardMaterial3D_duihb")

[node name="Ceiling6" type="CSGBox3D" parent="House" unique_id=1267884354]
transform = Transform3D(-0.0050265267, 0, -0.99998736, 0, 1, 0, 0.99998736, 0, -0.0050265267, -0.0014772415, 3.2406178, 0.04991865)
use_collision = true
size = Vector3(3.4522095, 0.3022705, 0.28353882)
material = SubResource("StandardMaterial3D_duihb")

[node name="Ceiling33" type="CSGBox3D" parent="House" unique_id=282941903]
transform = Transform3D(-0.0050265267, 0, -0.99998736, 0, 1, 0, 0.99998736, 0, -0.0050265267, -5.1180286, 3.3066554, 3.2521143)
use_collision = true
size = Vector3(3.4522095, 0.3022705, 0.28353882)
material = SubResource("StandardMaterial3D_duihb")

[node name="Ceiling34" type="CSGBox3D" parent="House" unique_id=1163150703]
transform = Transform3D(-0.0050265267, 0, -0.99998736, 0, 1, 0, 0.99998736, 0, -0.0050265267, -5.1180286, 3.3066554, -0.14485073)
use_collision = true
size = Vector3(3.4522095, 0.3022705, 0.28353882)
material = SubResource("StandardMaterial3D_duihb")

[node name="Ceiling35" type="CSGBox3D" parent="House" unique_id=1157064837]
transform = Transform3D(-0.0050265267, 0, -0.99998736, 0, 1, 0, 0.99998736, 0, -0.0050265267, -5.115065, 3.3066554, -2.4107566)
use_collision = true
size = Vector3(2.2729797, 0.3022705, 0.28353882)
material = SubResource("StandardMaterial3D_duihb")

[node name="Ceiling7" type="CSGBox3D" parent="House" unique_id=373443782]
transform = Transform3D(-0.0050265267, 0, -0.99998736, 0, 1, 0, 0.99998736, 0, -0.0050265267, -0.0014772415, 3.2406178, -3.3930252)
use_collision = true
size = Vector3(3.4522095, 0.3022705, 0.28353882)
material = SubResource("StandardMaterial3D_duihb")

[node name="Ceiling8" type="CSGBox3D" parent="House" unique_id=1006936862]
transform = Transform3D(-0.0050265267, 0, -0.99998736, 0, 1, 0, 0.99998736, 0, -0.0050265267, -0.0014772415, 3.2406178, -6.8549128)
use_collision = true
size = Vector3(3.4522095, 0.3022705, 0.28353882)
material = SubResource("StandardMaterial3D_duihb")

[node name="Ceiling18" type="CSGBox3D" parent="House" unique_id=507992755]
transform = Transform3D(-0.0050265267, 0, -0.99998736, 0.31491628, 0.94911814, -0.0015829552, 0.94910616, -0.31492028, -0.004770768, -0.0029850616, 4.034598, -6.570207)
use_collision = true
size = Vector3(4.0521545, 0.3022705, 0.28353882)
material = SubResource("StandardMaterial3D_duihb")

[node name="Ceiling22" type="CSGBox3D" parent="House" unique_id=444893300]
transform = Transform3D(-0.0050265267, 0, -0.99998736, 0.31491628, 0.94911814, -0.0015829552, 0.94910616, -0.31492028, -0.004770768, -6.059573, 3.9702916, -6.764015)
use_collision = true
size = Vector3(3.643753, 0.3022705, 0.28353882)
material = SubResource("StandardMaterial3D_duihb")

[node name="Ceiling23" type="CSGBox3D" parent="House" unique_id=1936878072]
transform = Transform3D(0.09831117, -0.03096058, 0.994674, 0.42640737, 0.9044231, -0.013993641, -0.8991729, 0.4255121, 0.10211665, -5.990251, 3.9679303, -4.36598)
use_collision = true
size = Vector3(2.2334976, 0.3022705, 0.28353882)
material = SubResource("StandardMaterial3D_duihb")

[node name="Ceiling19" type="CSGBox3D" parent="House" unique_id=1945850541]
transform = Transform3D(-0.0050265263, -3.615426e-11, -0.99998736, 0.9981814, 0.06007293, -0.0050174487, 0.060072184, -0.998194, -0.00030195853, 0.0030899742, 3.9954586, -4.8256817)
use_collision = true
size = Vector3(1.634964, 0.3022705, 0.28353882)
material = SubResource("StandardMaterial3D_duihb")

[node name="Ceiling26" type="CSGBox3D" parent="House" unique_id=1669515939]
transform = Transform3D(-0.0050265263, -3.615426e-11, -0.99998736, 0.9981814, 0.06007293, -0.0050174487, 0.060072184, -0.998194, -0.00030195853, -6.213897, 3.9544988, -5.4828153)
use_collision = true
size = Vector3(1.1418953, 0.33863527, 0.28353882)
material = SubResource("StandardMaterial3D_duihb")

[node name="Ceiling14" type="CSGBox3D" parent="House" unique_id=36218232]
transform = Transform3D(-0.0050265267, 0, -0.99998736, 0, 1, 0, 0.99998736, 0, -0.0050265267, -6.336052, 3.2406178, -6.210222)
use_collision = true
size = Vector3(4.7416077, 0.3022705, 0.28353882)
material = SubResource("StandardMaterial3D_duihb")

[node name="Ceiling4" type="CSGBox3D" parent="House" unique_id=253879744]
transform = Transform3D(1, 0, 0, 0, 1, 0, 0, 0, 1, -12.219576, 3.2406178, 5.059273)
use_collision = true
size = Vector3(3.9310608, 0.3022705, 0.28353882)
material = SubResource("StandardMaterial3D_duihb")

[node name="Ceiling42" type="CSGBox3D" parent="House" unique_id=903220193]
transform = Transform3D(1, 0, 0, 0, 1, 0, 0, 0, 1, -12.219576, 3.2406178, 5.059537)
use_collision = true
size = Vector3(3.9310608, 0.3022705, 0.28353882)
material = SubResource("StandardMaterial3D_duihb")

[node name="Ceiling2" type="CSGBox3D" parent="House" unique_id=30678695]
transform = Transform3D(1, 0, 0, 0, 1, 0, 0, 0, 1, -5.12948, 3.2406178, 5.059273)
use_collision = true
size = Vector3(3.4522095, 0.3022705, 0.28353882)
material = SubResource("StandardMaterial3D_duihb")

[node name="Ceiling3" type="CSGBox3D" parent="House" unique_id=443525526]
transform = Transform3D(1, 0, 0, 0, 1, 0, 0, 0, 1, -8.57899, 3.2406178, 5.059273)
use_collision = true
size = Vector3(3.4522095, 0.3022705, 0.28353882)
material = SubResource("StandardMaterial3D_duihb")

[node name="FakeMother" parent="." unique_id=5551212 instance=ExtResource("16_fakeperson")]
transform = Transform3D(1, 0, 0, 0, 1, 0, 0, 0, 1, -2.5, 0, 8.5)

[node name="FakeJumpscareTrigger" type="Area3D" parent="." unique_id=1114660228]
transform = Transform3D(1, 0, 0, 0, 1, 0, 0, 0, 1, -2.5, 1, 6.5)
script = ExtResource("15_fakejstrigger")
target_path = NodePath("../FakeMother")

[node name="CollisionShape3D" type="CollisionShape3D" parent="FakeJumpscareTrigger" unique_id=1228131709]
shape = SubResource("BoxShape3D_fakejstrigger")

[node name="NPC" parent="." unique_id=1632518412 instance=ExtResource("8_npc")]
transform = Transform3D(1, 0, 0, 0, 1, 0, 0, 0, 1, -3.926191, -0.0031981468, 20.295311)

[node name="BambooChair" parent="." unique_id=2062525005 instance=ExtResource("18_00ld1")]
transform = Transform3D(-0.8098075, 0, -0.73881227, 0, 1.3004397, 0, 0.9346696, 0, -0.6401146, -1.7916657, 0.09972954, 3.8950067)

[node name="BambooChair2" parent="." unique_id=937184115 instance=ExtResource("18_00ld1")]
transform = Transform3D(1.1751482, 0, -0.30452645, 0, 1.3004397, 0, 0.3852557, 0, 0.92889935, -3.2102337, 0.10162592, 0.051077843)

[node name="BambooChair3" parent="." unique_id=35052094 instance=ExtResource("18_00ld1")]
transform = Transform3D(0.64802516, 0, -0.8325907, 0, 1.3004398, 0, 1.0533085, 0, 0.5122333, -1.8445927, 0.04597485, -0.11192143)

[node name="BambooBench" parent="." unique_id=1311013688 instance=ExtResource("19_00ld1")]
transform = Transform3D(0.24843086, 0, -1.0639657, 0, 1.3795747, 0, 1.4850419, 0, 0.17798954, -0.6758533, 0.01173389, 1.5759951)

[node name="BambooTable" parent="." unique_id=976104873 instance=ExtResource("20_3qmij")]
transform = Transform3D(1, 0, 0, 0, 1.3054397, 0, 0, 0, 1.7510042, -2.2181883, 0.059439063, 1.762958)

[node name="Father" parent="." unique_id=5551213 instance=ExtResource("father_scene")]
transform = Transform3D(1, 0, 0, 0, 1, 0, 0, 0, 1, -7.0, 0.1, -1.0)

[node name="Aparador" parent="." unique_id=51773008 instance=ExtResource("21_kb5eu")]
transform = Transform3D(0.06739479, 0, 0.9855365, 0, 1.2700677, 0, -1.2537286, 0, 0.052977998, -5.7414846, -0.13093984, -6.557936)

[node name="Clothesline" parent="." unique_id=365587387 instance=ExtResource("22_lfy8a")]
transform = Transform3D(0.07699555, 0, 0.9860061, 0, 1, 0, -1.179773, 0, 0.06434974, -5.0338345, 0.5775012, -5.0706673)

[node name="MonoblocChair" parent="." unique_id=1067311152 instance=ExtResource("23_ethxx")]
transform = Transform3D(1.5274671, 0, 0, 0, 1.2474388, 0, 0, 0, 1.2869037, -1.1425264, 0.120800495, -5.8506494)

[node name="StaticBody3D" type="StaticBody3D" parent="MonoblocChair" unique_id=1067311153]

[node name="CollisionShape3D" type="CollisionShape3D" parent="MonoblocChair/StaticBody3D" unique_id=1067311154]
transform = Transform3D(1, 0, 0, 0, 1, 0, 0, 0, 1, 0, 0.425, 0)
shape = SubResource("BoxShape3D_monobloc")

[node name="AtopSin3" parent="." unique_id=1149927878 instance=ExtResource("25_duihb")]
transform = Transform3D(0.21670718, -0.008563293, -2.467238, 1.6046664, 0.39214164, 6.0927174e-09, 3.9846375, -0.15745494, 0.13418238, -5.381151, 4.0145955, -7.288259)

[node name="AtopSin4" parent="." unique_id=1579755252 instance=ExtResource("25_duihb")]
transform = Transform3D(0.20301788, -0.008964315, -2.4540505, 1.5033002, 0.41050577, 6.060152e-09, 3.7329295, -0.16482861, 0.13346519, -3.1165817, 3.9955463, -7.288259)

[node name="AtopSin5" parent="." unique_id=633035258 instance=ExtResource("25_duihb")]
transform = Transform3D(0.17071392, -0.009890428, -3.2768724, 1.264097, 0.45291555, 8.092068e-09, 3.1389506, -0.18185723, 0.1782149, -0.62947536, 4.0145955, -7.288259)

[node name="AtopSin6" parent="." unique_id=1936053052 instance=ExtResource("25_duihb")]
transform = Transform3D(-0.050194953, 0.009756485, 3.2912865, 0.5814053, 0.4685786, -0.061461244, -4.0618515, 0.06695082, -0.049470186, -1.3058674, 4.607968, -1.676058)

[node name="AtopSin8" parent="." unique_id=2048495152 instance=ExtResource("25_duihb")]
transform = Transform3D(-0.050194953, 0.009756485, 3.2912865, 0.5814053, 0.4685786, -0.061461244, -4.0618515, 0.06695082, -0.049470186, -1.3058674, 4.11929, 2.4881766)

[node name="AtopSin9" parent="." unique_id=1854997932 instance=ExtResource("25_duihb")]
transform = Transform3D(-0.050194953, 0.009756485, 3.2912865, 0.5814053, 0.4685786, -0.061461244, -4.0618515, 0.06695082, -0.049470186, -4.674141, 4.11929, 2.4881766)

